Oscilloscope data. 
Time step = 1,000 uS
Voltage step = 31,25 mV
Zero level = 51

N 	Smpl.	Trig

0	179	0
1	102	0
2	55	0
3	147	0
4	165	0
5	67	0
6	81	0
7	173	0
8	131	0
9	52	0
10	118	0
11	177	0
12	92	0
13	60	0
14	155	0
15	158	0
16	61	0
17	89	0
18	177	0
19	122	0
20	51	0
21	129	0
22	175	0
23	83	0
24	64	0
25	163	0
26	149	0
27	56	0
28	99	0
29	179	0
30	111	0
31	52	0
32	138	0
33	170	0
34	75	0
35	72	0
36	169	0
37	141	0
38	53	0
39	108	0
40	179	0
41	102	0
42	55	0
43	147	0
44	165	0
45	67	0
46	81	0
47	173	0
48	131	0
49	51	0
50	118	0
51	177	0
52	91	0
53	60	0
54	155	0
55	157	0
56	61	0
57	89	0
58	177	0
59	121	0
60	51	0
61	129	0
62	174	0
63	83	0
64	65	0
65	163	0
66	149	0
67	57	0
68	99	0
69	178	0
70	111	0
71	53	0
72	138	0
73	171	0
74	75	0
75	73	0
76	168	0
77	141	0
78	53	0
79	109	0
80	179	0
81	102	0
82	55	0
83	147	0
84	165	0
85	67	0
86	80	0
87	173	0
88	131	0
89	51	0
90	119	0
91	178	0
92	91	0
93	59	0
94	155	0
95	158	0
96	61	0
97	89	0
98	177	0
99	121	0
100	51	0
101	129	0
102	175	0
103	83	0
104	65	0
105	163	0
106	150	0
107	56	0
108	99	0
109	179	0
110	111	0
111	53	0
112	139	0
113	170	0
114	74	0
115	73	0
116	169	0
117	141	0
118	53	0
119	108	0
120	179	0
121	102	0
122	55	0
123	147	0
124	165	0
125	67	0
126	81	0
127	173	0
128	131	0
129	51	0
130	118	0
131	177	0
132	93	0
133	60	0
134	156	0
135	157	0
136	61	0
137	89	0
138	177	0
139	121	0
140	51	0
141	129	0
142	175	0
143	83	0
144	65	0
145	163	0
146	149	0
147	57	0
148	99	0
149	178	0
150	111	0
151	52	0
152	138	0
153	170	0
154	75	0
155	73	0
156	168	0
157	141	0
158	53	0
159	108	0
160	179	0
161	102	0
162	56	0
163	147	0
164	165	0
165	67	0
166	80	0
167	174	0
168	131	0
169	51	0
170	118	0
171	178	0
172	93	0
173	60	0
174	156	0
175	157	0
176	61	0
177	89	0
178	177	0
179	121	0
180	51	0
181	129	0
182	175	0
183	83	0
184	65	0
185	163	0
186	149	0
187	57	0
188	99	0
189	178	0
190	111	0
191	53	0
192	137	0
193	171	0
194	75	0
195	73	0
196	169	0
197	141	0
198	53	0
199	109	0
200	179	0
201	102	0
202	55	0
203	147	0
204	165	0
205	67	0
206	81	0
207	173	0
208	131	0
209	51	0
210	118	0
211	177	0
212	92	0
213	60	0
214	155	0
215	157	0
216	61	0
217	89	0
218	177	0
219	121	0
220	51	0
221	129	0
222	175	0
223	83	0
224	64	0
225	163	0
226	149	0
227	57	0
228	99	0
229	178	0
230	111	0
231	53	0
232	137	0
233	170	0
234	75	0
235	73	0
236	169	0
237	141	0
238	53	0
239	109	0
240	179	0
241	102	0
242	55	0
243	147	0
244	165	0
245	67	0
246	81	0
247	173	0
248	131	0
249	51	0
250	118	0
251	177	0
252	92	0
253	59	0
254	155	0
255	157	0
256	61	0
257	89	0
258	177	0
259	122	0
260	51	0
261	129	0
262	175	0
263	83	0
264	65	0
265	163	0
266	149	0
267	57	0
268	99	0
269	178	0
270	111	0
271	53	0
272	138	0
273	171	0
274	75	0
275	73	0
276	168	0
277	141	0
278	53	0
279	109	0
280	179	0
281	102	0
282	55	0
283	147	0
284	164	0
285	67	0
286	81	0
287	173	0
288	131	0
289	51	0
290	118	0
291	177	0
292	92	0
293	59	0
294	155	0
295	158	0
296	61	0
297	89	0
298	177	0
299	121	0
300	51	0
301	129	0
302	175	0
303	83	0
304	65	0
305	163	0
306	149	0
307	56	0
308	99	0
309	179	0
310	111	0
311	53	0
312	138	0
313	171	0
314	75	0
315	73	0
316	169	0
317	140	0
318	53	0
319	109	0
320	179	0
321	102	0
322	55	0
323	147	0
324	165	0
325	67	0
326	81	0
327	173	0
328	131	0
329	51	0
330	118	0
331	177	0
332	92	0
333	59	0
334	155	0
335	157	0
336	62	0
337	89	0
338	177	0
339	121	0
340	51	0
341	129	0
342	175	0
343	83	0
344	64	0
345	163	0
346	150	0
347	57	0
348	99	0
349	179	0
350	112	0
351	53	0
352	138	0
353	170	0
354	75	0
355	73	0
356	169	0
357	141	0
358	53	0
359	109	0
360	179	0
361	102	0
362	55	0
363	147	0
364	165	0
365	67	0
366	80	0
367	173	0
368	132	0
369	51	0
370	118	0
371	178	0
372	92	0
373	60	0
374	155	0
375	158	0
376	61	0
377	90	0
378	176	0
379	120	0
380	51	0
381	129	0
382	174	0
383	83	0
384	65	0
385	163	0
386	149	0
387	56	0
388	99	0
389	179	0
390	112	0
391	52	0
392	138	0
393	170	0
394	75	0
395	73	0
396	169	0
397	141	0
398	53	0
399	109	0
400	179	0
401	102	0
402	55	0
403	147	0
404	165	0
405	68	0
406	81	0
407	173	0
408	131	0
409	51	0
410	118	0
411	177	0
412	92	0
413	60	0
414	155	0
415	157	0
416	61	0
417	89	0
418	177	0
419	121	0
420	51	0
421	128	0
422	175	0
423	83	0
424	65	0
425	163	0
426	150	0
427	57	0
428	99	0
429	178	0
430	111	0
431	53	0
432	138	0
433	171	0
434	75	0
435	72	0
436	169	0
437	141	0
438	53	0
439	109	0
440	179	0
441	102	0
442	56	0
443	147	0
444	165	0
445	67	0
446	81	0
447	173	0
448	132	0
449	51	0
450	118	0
451	177	0
452	91	0
453	60	0
454	155	0
455	158	0
456	60	0
457	89	0
458	177	0
459	122	0
460	52	0
461	129	0
462	175	0
463	83	0
464	65	0
465	163	0
466	149	0
467	57	0
468	99	0
469	179	0
470	111	0
471	53	0
472	138	0
473	170	0
474	75	0
475	73	0
476	169	0
477	140	0
478	53	0
479	108	0
480	179	0
481	102	0
482	55	0
483	147	0
484	165	0
485	67	0
486	80	0
487	174	0
488	132	0
489	51	0
490	118	0
491	177	0
492	93	0
493	59	0
494	155	0
495	158	0
496	61	0
497	89	0
498	177	0
499	122	0
500	51	0
501	129	0
502	175	0
503	83	0
504	66	0
505	163	0
506	150	0
507	57	0
508	99	0
509	179	0
510	111	0
511	53	0
512	138	0
513	171	0
514	75	0
515	73	0
516	169	0
517	141	0
518	53	0
519	109	0
520	179	0
521	102	0
522	55	0
523	147	0
524	165	0
525	67	0
526	80	0
527	173	0
528	131	0
529	51	0
530	118	0
531	177	0
532	92	0
533	60	0
534	155	0
535	158	0
536	61	0
537	89	0
538	177	0
539	121	0
540	51	0
541	129	0
542	175	0
543	83	0
544	65	0
545	163	0
546	149	0
547	57	0
548	99	0
549	178	0
550	111	0
551	53	0
552	138	0
553	170	0
554	75	0
555	73	0
556	169	0
557	141	0
558	53	0
559	108	0
560	179	0
561	102	0
562	55	0
563	147	0
564	165	0
565	68	0
566	81	0
567	174	0
568	131	0
569	51	0
570	118	0
571	177	0
572	93	0
573	60	0
574	155	0
575	158	0
576	61	0
577	89	0
578	177	0
579	122	0
580	51	0
581	129	0
582	175	0
583	83	0
584	65	0
585	163	0
586	149	0
587	56	0
588	99	0
589	178	0
590	111	0
591	53	0
592	138	0
593	171	0
594	75	0
595	73	0
596	169	0
597	141	0
598	53	0
599	109	0
600	179	0
601	102	0
602	55	0
603	147	0
604	165	0
605	67	0
606	80	0
607	173	0
608	131	0
609	52	0
610	118	0
611	177	0
612	92	0
613	59	0
614	155	0
615	157	0
616	61	0
617	88	0
618	177	0
619	121	0
620	51	0
621	129	0
622	175	0
623	83	0
624	65	0
625	163	0
626	150	0
627	57	0
628	99	0
629	178	0
630	112	0
631	52	0
632	139	0
633	170	0
634	75	0
635	73	0
636	169	0
637	141	0
638	53	0
639	109	0
640	179	0
641	102	0
642	55	0
643	147	0
644	165	0
645	67	0
646	81	0
647	173	0
648	132	0
649	51	0
650	118	0
651	177	0
652	92	0
653	59	0
654	155	0
655	157	0
656	61	0
657	89	0
658	177	0
659	121	0
660	51	0
661	129	0
662	175	0
663	83	0
664	65	0
665	163	0
666	150	0
667	57	0
668	99	0
669	178	0
670	111	0
671	53	0
672	139	0
673	170	0
674	75	0
675	72	0
676	169	0
677	141	0
678	53	0
679	109	0
680	179	0
681	102	0
682	55	0
683	147	0
684	165	0
685	67	0
686	81	0
687	173	0
688	131	0
689	51	0
690	118	0
691	177	0
692	92	0
693	59	0
694	155	0
695	158	0
696	61	0
697	90	0
698	177	0
699	121	0
700	51	0
701	129	0
702	175	0
703	83	0
704	65	0
705	163	0
706	149	0
707	57	0
708	99	0
709	179	0
710	111	0
711	52	0
712	138	0
713	170	0
714	75	0
715	72	0
716	169	0
717	141	0
718	53	0
719	108	0
720	179	0
721	102	0
722	56	0
723	147	0
724	165	0
725	67	0
726	80	0
727	173	0
728	131	0
729	51	0
730	117	0
731	177	0
732	92	0
733	60	0
734	155	0
735	157	0
736	61	0
737	88	0
738	176	0
739	122	0
740	51	0
741	129	0
742	175	0
743	83	0
744	65	0
745	162	0
746	149	0
747	56	0
748	99	0
749	179	0
750	111	0
751	52	0
752	138	0
753	170	0
754	75	0
755	72	0
756	169	0
757	141	0
758	53	0
759	109	0
760	179	0
761	102	0
762	55	0
763	147	0
764	165	0
765	67	0
766	81	0
767	173	0
768	131	0
769	51	0
770	118	0
771	177	0
772	92	0
773	59	0
774	155	0
775	157	0
776	61	0
777	89	0
778	177	0
779	121	0
780	51	0
781	129	0
782	174	0
783	83	0
784	65	0
785	163	0
786	149	0
787	57	0
788	99	0
789	179	0
790	111	0
791	53	0
792	138	0
793	171	0
794	75	0
795	73	0
796	168	0
797	140	0
798	53	0
799	109	0
800	179	0
801	102	0
802	55	0
803	147	0
804	165	0
805	68	0
806	81	0
807	173	0
808	131	0
809	51	0
810	118	0
811	177	0
812	92	0
813	59	0
814	155	0
815	158	0
816	61	0
817	89	0
818	177	0
819	121	0
820	51	0
821	129	0
822	175	0
823	83	0
824	65	0
825	163	0
826	150	0
827	57	0
828	99	0
829	179	0
830	111	0
831	53	0
832	138	0
833	170	0
834	75	0
835	73	0
836	169	0
837	141	0
838	53	0
839	108	0
840	179	0
841	102	0
842	55	0
843	147	0
844	164	0
845	68	0
846	81	0
847	173	0
848	131	0
849	51	0
850	118	0
851	177	0
852	92	0
853	59	0
854	155	0
855	158	0
856	61	0
857	89	0
858	177	0
859	121	0
860	51	0
861	128	0
862	175	0
863	83	0
864	65	0
865	163	0
866	149	0
867	57	0
868	99	0
869	179	0
870	111	0
871	53	0
872	138	0
873	170	0
874	75	0
875	72	0
876	169	0
877	141	0
878	53	0
879	109	0
880	179	0
881	102	0
882	55	0
883	147	0
884	165	0
885	67	0
886	81	0
887	173	0
888	132	0
889	51	0
890	118	0
891	177	0
892	93	0
893	59	0
894	155	0
895	157	0
896	61	0
897	89	0
898	177	0
899	122	0
900	51	0
901	129	0
902	175	0
903	83	0
904	66	0
905	163	0
906	149	0
907	57	0
908	99	0
909	179	0
910	112	0
911	52	0
912	138	0
913	171	0
914	75	0
915	73	0
916	168	0
917	141	0
918	53	0
919	108	0
920	179	0
921	102	0
922	56	0
923	147	0
924	165	0
925	67	0
926	81	0
927	174	0
928	131	0
929	51	0
930	118	0
931	178	0
932	92	0
933	59	0
934	155	0
935	157	0
936	61	0
937	89	0
938	177	0
939	122	0
940	51	0
941	129	0
942	175	0
943	83	0
944	65	0
945	163	0
946	150	0
947	56	0
948	99	0
949	178	0
950	111	0
951	53	0
952	138	0
953	171	0
954	75	0
955	73	0
956	169	0
957	141	0
958	53	0
959	109	0
960	179	0
961	102	0
962	56	0
963	147	0
964	165	0
965	67	0
966	81	0
967	173	0
968	131	0
969	52	0
970	118	0
971	177	0
972	92	0
973	59	0
974	155	0
975	157	0
976	61	0
977	89	0
978	177	0
979	121	0
980	51	0
981	129	0
982	175	0
983	83	0
984	65	0
985	163	0
986	150	0
987	56	0
988	99	0
989	178	0
990	111	0
991	53	0
992	137	0
993	171	0
994	75	0
995	73	0
996	169	0
997	140	0
998	53	0
999	109	0
