Oscilloscope data. 
Time step = 100,0 nS
Voltage step = 31,25 mV
Zero level = 51

N 	Smpl.	Trig

0	50	0
1	51	0
2	51	0
3	144	0
4	178	0
5	179	0
6	179	0
7	179	0
8	179	0
9	178	0
10	179	0
11	179	0
12	179	0
13	179	0
14	179	0
15	179	0
16	179	0
17	179	0
18	179	0
19	178	0
20	179	0
21	179	0
22	179	0
23	179	0
24	179	0
25	179	0
26	179	0
27	179	0
28	179	0
29	179	0
30	179	0
31	179	0
32	179	0
33	179	0
34	179	0
35	178	0
36	179	0
37	179	0
38	179	0
39	179	0
40	179	0
41	179	0
42	179	0
43	179	0
44	178	0
45	179	0
46	179	0
47	179	0
48	179	0
49	179	0
50	179	0
51	179	0
52	179	0
53	179	0
54	179	0
55	179	0
56	179	0
57	179	0
58	179	0
59	179	0
60	179	0
61	179	0
62	179	0
63	179	0
64	179	0
65	178	0
66	179	0
67	178	0
68	179	0
69	179	0
70	179	0
71	179	0
72	179	0
73	83	0
74	51	0
75	50	0
76	49	0
77	49	0
78	49	0
79	50	0
80	49	0
81	50	0
82	50	0
83	144	0
84	178	0
85	179	0
86	179	0
87	179	0
88	179	0
89	179	0
90	179	0
91	178	0
92	179	0
93	179	0
94	179	0
95	179	0
96	179	0
97	179	0
98	179	0
99	179	0
100	179	0
101	179	0
102	179	0
103	179	0
104	179	0
105	178	0
106	179	0
107	179	0
108	179	0
109	179	0
110	179	0
111	179	0
112	179	0
113	179	0
114	179	0
115	179	0
116	179	0
117	179	0
118	179	0
119	179	0
120	179	0
121	179	0
122	178	0
123	179	0
124	179	0
125	179	0
126	179	0
127	179	0
128	179	0
129	179	0
130	179	0
131	179	0
132	179	0
133	179	0
134	179	0
135	179	0
136	179	0
137	179	0
138	179	0
139	179	0
140	179	0
141	179	0
142	179	0
143	179	0
144	179	0
145	179	0
146	179	0
147	179	0
148	179	0
149	179	0
150	179	0
151	179	0
152	179	0
153	83	0
154	51	0
155	50	0
156	49	0
157	50	0
158	51	0
159	50	0
160	51	0
161	51	0
162	50	0
163	144	0
164	178	0
165	179	0
166	179	0
167	179	0
168	179	0
169	179	0
170	179	0
171	179	0
172	179	0
173	179	0
174	179	0
175	179	0
176	179	0
177	179	0
178	179	0
179	179	0
180	179	0
181	179	0
182	179	0
183	179	0
184	179	0
185	179	0
186	179	0
187	179	0
188	179	0
189	179	0
190	179	0
191	179	0
192	179	0
193	179	0
194	179	0
195	179	0
196	179	0
197	179	0
198	179	0
199	179	0
200	178	0
201	179	0
202	179	0
203	179	0
204	179	0
205	179	0
206	179	0
207	179	0
208	179	0
209	179	0
210	179	0
211	179	0
212	179	0
213	179	0
214	179	0
215	179	0
216	179	0
217	179	0
218	179	0
219	179	0
220	179	0
221	179	0
222	178	0
223	179	0
224	179	0
225	179	0
226	179	0
227	179	0
228	179	0
229	179	0
230	179	0
231	179	0
232	179	0
233	83	0
234	51	0
235	50	0
236	50	0
237	50	0
238	50	0
239	50	0
240	51	0
241	50	0
242	50	0
243	145	0
244	178	0
245	178	0
246	179	0
247	179	0
248	179	0
249	179	0
250	179	0
251	179	0
252	179	0
253	179	0
254	179	0
255	179	0
256	179	0
257	179	0
258	179	0
259	179	0
260	179	0
261	179	0
262	179	0
263	179	0
264	179	0
265	179	0
266	179	0
267	179	0
268	179	0
269	179	0
270	179	0
271	179	0
272	179	0
273	179	0
274	179	0
275	178	0
276	178	0
277	179	0
278	179	0
279	179	0
280	179	0
281	179	0
282	179	0
283	179	0
284	179	0
285	179	0
286	179	0
287	179	0
288	179	0
289	179	0
290	179	0
291	179	0
292	179	0
293	179	0
294	179	0
295	179	0
296	179	0
297	178	0
298	179	0
299	179	0
300	179	0
301	179	0
302	178	0
303	179	0
304	179	0
305	179	0
306	179	0
307	179	0
308	179	0
309	179	0
310	179	0
311	179	0
312	179	0
313	83	0
314	51	0
315	50	0
316	50	0
317	49	0
318	50	0
319	50	0
320	50	0
321	50	0
322	50	0
323	145	0
324	179	0
325	179	0
326	179	0
327	179	0
328	179	0
329	179	0
330	179	0
331	179	0
332	179	0
333	179	0
334	179	0
335	179	0
336	179	0
337	179	0
338	179	0
339	179	0
340	179	0
341	179	0
342	179	0
343	179	0
344	179	0
345	179	0
346	179	0
347	179	0
348	179	0
349	179	0
350	179	0
351	179	0
352	179	0
353	179	0
354	179	0
355	179	0
356	179	0
357	179	0
358	179	0
359	179	0
360	179	0
361	179	0
362	179	0
363	179	0
364	179	0
365	179	0
366	179	0
367	179	0
368	179	0
369	179	0
370	179	0
371	179	0
372	179	0
373	179	0
374	179	0
375	179	0
376	179	0
377	179	0
378	179	0
379	179	0
380	179	0
381	179	0
382	179	0
383	179	0
384	179	0
385	179	0
386	179	0
387	179	0
388	179	0
389	179	0
390	179	0
391	179	0
392	179	0
393	83	0
394	51	0
395	50	0
396	50	0
397	50	0
398	50	0
399	50	0
400	51	0
401	51	0
402	50	0
403	145	0
404	179	0
405	179	0
406	179	0
407	179	0
408	179	0
409	179	0
410	179	0
411	179	0
412	179	0
413	179	0
414	179	0
415	179	0
416	179	0
417	179	0
418	179	0
419	179	0
420	179	0
421	179	0
422	179	0
423	179	0
424	179	0
425	179	0
426	179	0
427	179	0
428	179	0
429	179	0
430	179	0
431	179	0
432	179	0
433	179	0
434	179	0
435	179	0
436	179	0
437	179	0
438	179	0
439	179	0
440	179	0
441	179	0
442	179	0
443	179	0
444	179	0
445	179	0
446	179	0
447	179	0
448	178	0
449	179	0
450	179	0
451	179	0
452	179	0
453	179	0
454	179	0
455	179	0
456	179	0
457	179	0
458	179	0
459	179	0
460	179	0
461	179	0
462	179	0
463	178	0
464	179	0
465	179	0
466	179	0
467	179	0
468	179	0
469	179	0
470	179	0
471	179	0
472	179	0
473	83	0
474	51	0
475	51	0
476	50	0
477	49	0
478	50	0
479	49	0
480	50	0
481	51	0
482	50	0
483	144	0
484	178	0
485	179	0
486	179	0
487	179	0
488	179	0
489	179	0
490	179	0
491	179	0
492	179	0
493	179	0
494	179	0
495	179	0
496	179	0
497	179	0
498	179	0
499	179	0
500	179	0
501	179	0
502	179	0
503	179	0
504	179	0
505	179	0
506	179	0
507	179	0
508	179	0
509	179	0
510	179	0
511	179	0
512	179	0
513	179	0
514	179	0
515	179	0
516	179	0
517	179	0
518	179	0
519	179	0
520	179	0
521	179	0
522	179	0
523	179	0
524	179	0
525	179	0
526	179	0
527	179	0
528	179	0
529	179	0
530	179	0
531	179	0
532	179	0
533	179	0
534	179	0
535	179	0
536	179	0
537	179	0
538	179	0
539	179	0
540	179	0
541	178	0
542	179	0
543	179	0
544	179	0
545	179	0
546	179	0
547	179	0
548	179	0
549	179	0
550	179	0
551	179	0
552	179	0
553	83	0
554	51	0
555	49	0
556	50	0
557	50	0
558	50	0
559	51	0
560	50	0
561	51	0
562	51	0
563	145	0
564	178	0
565	179	0
566	179	0
567	178	0
568	179	0
569	179	0
570	179	0
571	179	0
572	179	0
573	179	0
574	179	0
575	179	0
576	179	0
577	179	0
578	179	0
579	179	0
580	179	0
581	179	0
582	179	0
583	179	0
584	179	0
585	179	0
586	179	0
587	179	0
588	179	0
589	179	0
590	179	0
591	179	0
592	179	0
593	179	0
594	178	0
595	179	0
596	179	0
597	179	0
598	179	0
599	179	0
600	179	0
601	179	0
602	179	0
603	179	0
604	178	0
605	179	0
606	179	0
607	179	0
608	179	0
609	179	0
610	179	0
611	179	0
612	179	0
613	179	0
614	179	0
615	179	0
616	179	0
617	179	0
618	179	0
619	179	0
620	178	0
621	179	0
622	179	0
623	179	0
624	179	0
625	179	0
626	179	0
627	179	0
628	179	0
629	179	0
630	179	0
631	179	0
632	179	0
633	83	0
634	51	0
635	50	0
636	50	0
637	49	0
638	50	0
639	50	0
640	50	0
641	51	0
642	50	0
643	144	0
644	179	0
645	179	0
646	179	0
647	179	0
648	179	0
649	179	0
650	179	0
651	179	0
652	179	0
653	179	0
654	179	0
655	179	0
656	179	0
657	179	0
658	179	0
659	179	0
660	179	0
661	179	0
662	178	0
663	179	0
664	179	0
665	179	0
666	179	0
667	179	0
668	179	0
669	179	0
670	179	0
671	179	0
672	179	0
673	179	0
674	178	0
675	179	0
676	179	0
677	179	0
678	179	0
679	179	0
680	179	0
681	179	0
682	179	0
683	179	0
684	179	0
685	179	0
686	179	0
687	179	0
688	179	0
689	179	0
690	179	0
691	179	0
692	179	0
693	179	0
694	179	0
695	179	0
696	179	0
697	179	0
698	179	0
699	179	0
700	179	0
701	179	0
702	179	0
703	179	0
704	179	0
705	178	0
706	179	0
707	179	0
708	179	0
709	179	0
710	179	0
711	179	0
712	179	0
713	83	0
714	51	0
715	50	0
716	49	0
717	50	0
718	50	0
719	50	0
720	50	0
721	50	0
722	51	0
723	145	0
724	179	0
725	179	0
726	179	0
727	179	0
728	179	0
729	178	0
730	179	0
731	179	0
732	179	0
733	179	0
734	179	0
735	179	0
736	179	0
737	179	0
738	179	0
739	179	0
740	179	0
741	178	0
742	179	0
743	179	0
744	179	0
745	179	0
746	179	0
747	179	0
748	179	0
749	179	0
750	179	0
751	179	0
752	179	0
753	179	0
754	179	0
755	179	0
756	179	0
757	179	0
758	179	0
759	179	0
760	179	0
761	178	0
762	179	0
763	179	0
764	179	0
765	178	0
766	179	0
767	179	0
768	179	0
769	179	0
770	179	0
771	179	0
772	179	0
773	179	0
774	179	0
775	178	0
776	179	0
777	179	0
778	179	0
779	179	0
780	179	0
781	179	0
782	179	0
783	179	0
784	179	0
785	179	0
786	179	0
787	179	0
788	179	0
789	179	0
790	179	0
791	179	0
792	179	0
793	83	0
794	51	0
795	51	0
796	50	0
797	50	0
798	51	0
799	51	0
800	50	0
801	50	0
802	50	0
803	145	0
804	178	0
805	179	0
806	179	0
807	179	0
808	179	0
809	179	0
810	179	0
811	179	0
812	179	0
813	179	0
814	179	0
815	179	0
816	179	0
817	179	0
818	179	0
819	178	0
820	179	0
821	179	0
822	179	0
823	179	0
824	179	0
825	179	0
826	179	0
827	179	0
828	179	0
829	179	0
830	179	0
831	179	0
832	179	0
833	179	0
834	179	0
835	179	0
836	179	0
837	179	0
838	179	0
839	179	0
840	179	0
841	179	0
842	179	0
843	179	0
844	179	0
845	179	0
846	179	0
847	179	0
848	179	0
849	179	0
850	179	0
851	179	0
852	179	0
853	179	0
854	179	0
855	179	0
856	179	0
857	179	0
858	179	0
859	179	0
860	179	0
861	179	0
862	179	0
863	179	0
864	179	0
865	179	0
866	179	0
867	179	0
868	179	0
869	179	0
870	179	0
871	178	0
872	179	0
873	83	0
874	51	0
875	50	0
876	50	0
877	49	0
878	51	0
879	50	0
880	50	0
881	50	0
882	50	0
883	145	0
884	178	0
885	179	0
886	179	0
887	179	0
888	179	0
889	179	0
890	179	0
891	179	0
892	179	0
893	179	0
894	178	0
895	179	0
896	179	0
897	179	0
898	179	0
899	179	0
900	179	0
901	179	0
902	178	0
903	179	0
904	179	0
905	179	0
906	179	0
907	179	0
908	179	0
909	178	0
910	179	0
911	179	0
912	179	0
913	179	0
914	179	0
915	179	0
916	179	0
917	179	0
918	179	0
919	179	0
920	179	0
921	179	0
922	179	0
923	179	0
924	179	0
925	179	0
926	179	0
927	179	0
928	178	0
929	179	0
930	179	0
931	179	0
932	179	0
933	178	0
934	179	0
935	179	0
936	179	0
937	179	0
938	179	0
939	179	0
940	179	0
941	179	0
942	178	0
943	179	0
944	179	0
945	179	0
946	179	0
947	179	0
948	179	0
949	179	0
950	179	0
951	179	0
952	179	0
953	83	0
954	51	0
955	50	0
956	49	0
957	49	0
958	50	0
959	50	0
960	51	0
961	50	0
962	50	0
963	145	0
964	178	0
965	179	0
966	179	0
967	179	0
968	179	0
969	179	0
970	179	0
971	179	0
972	179	0
973	179	0
974	179	0
975	179	0
976	179	0
977	179	0
978	179	0
979	179	0
980	179	0
981	179	0
982	179	0
983	179	0
984	179	0
985	179	0
986	179	0
987	179	0
988	179	0
989	179	0
990	179	0
991	179	0
992	179	0
993	179	0
994	179	0
995	179	0
996	179	0
997	179	0
998	179	0
999	179	0
