Oscilloscope data. 
Time step = 10,00 nS
Voltage step = 3,125 mV
Zero level = 131

N 	Smpl.	Trig

0	127	0
1	127	0
2	127	0
3	127	0
4	127	0
5	127	0
6	127	0
7	126	0
8	127	0
9	127	0
10	127	0
11	127	0
12	127	0
13	127	0
14	127	0
15	127	0
16	127	0
17	127	0
18	127	0
19	127	0
20	127	0
21	127	0
22	127	0
23	127	0
24	127	0
25	127	0
26	127	0
27	127	0
28	127	0
29	127	0
30	127	0
31	126	0
32	126	0
33	127	0
34	127	0
35	127	0
36	127	0
37	127	0
38	127	0
39	127	0
40	127	0
41	126	0
42	126	0
43	127	0
44	127	0
45	127	0
46	127	0
47	127	0
48	127	0
49	127	0
50	127	0
51	127	0
52	127	0
53	127	0
54	127	0
55	127	0
56	127	0
57	127	0
58	127	0
59	127	0
60	127	0
61	127	0
62	127	0
63	127	0
64	127	0
65	127	0
66	127	0
67	127	0
68	127	0
69	127	0
70	127	0
71	127	0
72	127	0
73	127	0
74	127	0
75	127	0
76	127	0
77	126	0
78	126	0
79	127	0
80	127	0
81	127	0
82	127	0
83	127	0
84	127	0
85	127	0
86	127	0
87	127	0
88	127	0
89	127	0
90	127	0
91	127	0
92	127	0
93	127	0
94	126	0
95	127	0
96	127	0
97	127	0
98	127	0
99	127	0
100	127	0
101	127	1
102	127	1
103	127	1
104	127	1
105	127	1
106	127	1
107	127	1
108	127	1
109	127	1
110	127	1
111	127	1
112	127	1
113	127	1
114	127	1
115	127	1
116	127	1
117	127	1
118	127	1
119	127	1
120	127	1
121	127	1
122	127	1
123	127	1
124	127	1
125	127	1
126	127	1
127	127	1
128	127	1
129	127	1
130	127	1
131	127	1
132	127	1
133	127	1
134	127	1
135	127	1
136	127	1
137	127	1
138	127	1
139	128	1
140	142	1
141	159	1
142	172	1
143	179	1
144	184	1
145	183	1
146	176	1
147	161	1
148	143	1
149	130	1
150	126	1
151	126	1
152	126	1
153	127	1
154	127	1
155	128	1
156	127	1
157	129	1
158	129	1
159	137	1
160	155	1
161	168	1
162	177	1
163	181	1
164	183	1
165	181	1
166	168	1
167	149	1
168	133	1
169	127	1
170	126	1
171	126	1
172	126	1
173	126	1
174	128	1
175	127	1
176	129	1
177	129	1
178	131	1
179	149	1
180	163	1
181	174	1
182	181	1
183	183	1
184	182	1
185	174	1
186	157	1
187	138	1
188	129	1
189	125	1
190	125	1
191	126	1
192	127	1
193	127	1
194	129	1
195	127	1
196	128	1
197	129	1
198	141	1
199	159	1
200	171	1
201	179	1
202	182	1
203	183	1
204	178	1
205	163	1
206	144	1
207	131	1
208	126	1
209	125	1
210	126	1
211	127	1
212	127	1
213	127	1
214	128	1
215	128	1
216	129	1
217	135	1
218	151	1
219	167	1
220	176	1
221	182	1
222	184	1
223	181	1
224	171	1
225	152	1
226	134	1
227	127	1
228	126	1
229	126	1
230	127	1
231	127	1
232	127	1
233	127	1
234	128	1
235	129	1
236	130	1
237	145	1
238	161	1
239	173	1
240	180	1
241	184	1
242	182	1
243	177	1
244	159	1
245	139	1
246	129	1
247	126	1
248	126	1
249	126	1
250	127	1
251	127	1
252	128	1
253	127	1
254	128	1
255	129	1
256	139	1
257	158	1
258	170	1
259	179	1
260	183	1
261	184	1
262	180	1
263	167	1
264	147	1
265	132	1
266	127	1
267	125	1
268	126	1
269	126	1
270	127	1
271	128	1
272	127	1
273	128	1
274	129	1
275	133	1
276	151	1
277	165	1
278	176	1
279	182	1
280	184	1
281	182	1
282	174	1
283	155	1
284	136	1
285	127	1
286	126	1
287	125	1
288	127	1
289	126	1
290	127	1
291	127	1
292	128	1
293	129	1
294	129	1
295	143	1
296	159	1
297	173	1
298	179	1
299	184	1
300	183	1
301	178	1
302	163	1
303	142	1
304	129	1
305	126	1
306	125	1
307	126	1
308	127	1
309	127	1
310	129	1
311	128	1
312	129	1
313	129	1
314	137	1
315	153	1
316	167	1
317	177	1
318	183	1
319	184	1
320	181	1
321	171	1
322	150	1
323	133	1
324	127	1
325	125	1
326	125	1
327	126	1
328	127	1
329	127	1
330	128	1
331	128	1
332	129	1
333	131	1
334	147	1
335	163	1
336	174	1
337	181	1
338	184	1
339	182	1
340	177	1
341	158	1
342	138	1
343	129	1
344	126	1
345	125	1
346	126	1
347	127	1
348	127	1
349	129	1
350	128	1
351	129	1
352	129	1
353	141	1
354	158	1
355	171	1
356	179	1
357	183	1
358	184	1
359	179	1
360	159	1
361	134	1
362	127	1
363	126	1
364	126	1
365	127	1
366	128	1
367	129	1
368	128	1
369	129	1
370	129	1
371	129	1
372	128	1
373	127	1
374	127	1
375	127	1
376	127	1
377	127	1
378	128	1
379	126	1
380	127	1
381	127	1
382	127	1
383	129	1
384	127	1
385	127	1
386	127	1
387	127	1
388	127	1
389	127	1
390	127	1
391	127	1
392	127	1
393	127	1
394	127	1
395	127	1
396	127	1
397	126	1
398	127	1
399	127	1
400	127	1
401	126	1
402	127	1
403	127	1
404	127	1
405	127	1
406	127	1
407	127	1
408	127	1
409	127	1
410	127	1
411	127	1
412	127	1
413	127	1
414	126	1
415	127	1
416	127	1
417	126	1
418	127	1
419	127	1
420	127	1
421	127	1
422	128	1
423	127	1
424	127	1
425	126	1
426	127	1
427	128	1
428	128	1
429	127	1
430	127	1
431	127	1
432	128	1
433	127	1
434	127	1
435	127	1
436	127	1
437	128	1
438	127	1
439	127	1
440	127	1
441	127	1
442	127	1
443	127	1
444	127	1
445	127	1
446	127	1
447	127	1
448	127	1
449	127	1
450	127	1
451	127	1
452	127	1
453	127	1
454	127	1
455	127	1
456	127	1
457	127	1
458	127	1
459	126	1
460	126	1
461	127	1
462	127	1
463	127	1
464	127	1
465	127	1
466	127	1
467	127	1
468	127	1
469	127	1
470	127	1
471	127	1
472	127	1
473	127	1
474	127	1
475	127	1
476	127	1
477	127	1
478	127	1
479	127	1
480	127	1
481	127	1
482	127	1
483	127	1
484	127	1
485	127	1
486	127	1
487	127	1
488	127	1
489	126	1
490	127	1
491	127	1
492	127	1
493	127	1
494	127	1
495	127	1
496	126	1
497	127	1
498	127	1
499	127	1
500	127	1
501	127	1
502	127	1
503	127	1
504	127	1
505	127	1
506	127	1
507	127	1
508	127	1
509	127	1
510	127	1
511	127	1
512	127	1
513	127	1
514	127	1
515	127	1
516	127	1
517	127	1
518	127	1
519	127	1
520	127	1
521	126	1
522	127	1
523	127	1
524	127	1
525	127	1
526	127	1
527	127	1
528	127	1
529	127	1
530	127	1
531	127	1
532	127	1
533	127	1
534	127	1
535	127	1
536	127	1
537	127	1
538	127	1
539	127	1
540	127	1
541	127	1
542	127	1
543	126	1
544	127	1
545	126	1
546	127	1
547	127	1
548	127	1
549	127	1
550	127	1
551	127	1
552	127	1
553	127	1
554	127	1
555	127	1
556	127	1
557	127	1
558	127	1
559	126	1
560	127	1
561	127	1
562	127	1
563	127	1
564	127	1
565	127	1
566	127	1
567	127	1
568	127	1
569	126	1
570	126	1
571	127	1
572	127	1
573	127	1
574	127	1
575	127	1
576	127	1
577	127	1
578	127	1
579	127	1
580	127	1
581	127	1
582	127	1
583	126	1
584	127	1
585	127	1
586	127	1
587	127	1
588	127	1
589	127	1
590	127	1
591	127	1
592	127	1
593	127	1
594	127	1
595	126	1
596	127	1
597	127	1
598	127	1
599	127	1
600	127	1
601	127	1
602	127	1
603	126	1
604	127	1
605	127	1
606	127	1
607	127	1
608	127	1
609	127	1
610	127	1
611	127	1
612	127	1
613	127	1
614	127	1
615	127	1
616	127	1
617	127	1
618	127	1
619	126	1
620	127	1
621	127	1
622	127	1
623	127	1
624	127	1
625	127	1
626	127	1
627	127	1
628	127	1
629	127	1
630	127	1
631	127	1
632	127	1
633	127	1
634	127	1
635	127	1
636	127	1
637	126	1
638	126	1
639	127	1
640	126	1
641	127	1
642	127	1
643	127	1
644	127	1
645	127	1
646	127	1
647	127	1
648	127	1
649	127	1
650	127	1
651	126	1
652	127	1
653	127	1
654	127	1
655	127	1
656	127	1
657	127	1
658	127	1
659	127	1
660	127	1
661	127	1
662	127	1
663	127	1
664	127	1
665	127	1
666	127	1
667	127	1
668	127	1
669	127	1
670	127	1
671	127	1
672	127	1
673	127	1
674	127	1
675	127	1
676	127	1
677	127	1
678	126	1
679	127	1
680	127	1
681	127	1
682	126	1
683	127	1
684	127	1
685	127	1
686	127	1
687	127	1
688	127	1
689	127	1
690	127	1
691	127	1
692	127	1
693	127	1
694	127	1
695	127	1
696	127	1
697	127	1
698	127	1
699	127	1
700	127	1
701	127	1
702	127	1
703	127	1
704	127	1
705	127	1
706	127	1
707	127	1
708	127	1
709	127	1
710	127	1
711	127	1
712	127	1
713	127	1
714	127	1
715	127	1
716	127	1
717	127	1
718	127	1
719	127	1
720	127	1
721	127	1
722	127	1
723	127	1
724	127	1
725	127	1
726	127	1
727	127	1
728	127	1
729	127	1
730	127	1
731	127	1
732	127	1
733	127	1
734	127	1
735	127	1
736	127	1
737	127	1
738	127	1
739	127	1
740	127	0
741	127	0
742	127	0
743	127	0
744	127	0
745	127	0
746	127	0
747	127	0
748	127	0
749	127	0
750	127	0
751	127	0
752	127	0
753	127	0
754	127	0
755	127	0
756	127	0
757	127	0
758	127	0
759	127	0
760	127	0
761	127	0
762	127	0
763	127	0
764	127	0
765	127	0
766	127	0
767	127	0
768	127	0
769	127	0
770	127	0
771	127	0
772	127	0
773	127	0
774	127	0
775	127	0
776	127	0
777	127	0
778	127	0
779	127	0
780	127	0
781	127	0
782	127	0
783	127	0
784	127	0
785	127	0
786	127	0
787	127	0
788	127	0
789	127	0
790	127	0
791	127	0
792	127	0
793	127	0
794	127	0
795	127	0
796	126	0
797	127	0
798	127	0
799	127	0
800	126	0
801	127	0
802	127	0
803	127	0
804	127	0
805	127	0
806	127	0
807	127	0
808	127	0
809	127	0
810	127	0
811	127	0
812	127	0
813	127	0
814	127	0
815	127	0
816	127	0
817	126	0
818	127	0
819	127	0
820	127	0
821	127	0
822	127	0
823	126	0
824	127	0
825	127	0
826	127	0
827	127	0
828	127	0
829	127	0
830	127	0
831	127	0
832	127	0
833	127	0
834	127	0
835	127	0
836	127	0
837	127	0
838	127	0
839	127	0
840	127	0
841	127	0
842	127	0
843	127	0
844	127	0
845	127	0
846	127	0
847	127	0
848	127	0
849	127	0
850	127	0
851	127	0
852	127	0
853	127	0
854	127	0
855	127	0
856	127	0
857	127	0
858	127	0
859	127	0
860	127	0
861	127	0
862	127	0
863	127	0
864	127	0
865	127	0
866	127	0
867	127	0
868	127	0
869	127	0
870	127	0
871	127	0
872	127	0
873	127	0
874	127	0
875	127	0
876	127	0
877	127	0
878	127	0
879	127	0
880	127	0
881	127	0
882	127	0
883	127	0
884	127	0
885	127	0
886	127	0
887	127	0
888	127	0
889	127	0
890	127	0
891	127	0
892	127	0
893	127	0
894	127	0
895	127	0
896	127	0
897	127	0
898	127	0
899	127	0
900	127	0
901	127	0
902	127	0
903	127	0
904	127	0
905	127	0
906	127	0
907	127	0
908	127	0
909	127	0
910	127	0
911	127	0
912	127	0
913	127	0
914	127	0
915	127	0
916	127	0
917	127	0
918	127	0
919	127	0
920	127	0
921	127	0
922	127	0
923	127	0
924	127	0
925	127	0
926	127	0
927	126	0
928	127	0
929	127	0
930	127	0
931	127	0
932	127	0
933	127	0
934	127	0
935	127	0
936	127	0
937	127	0
938	127	0
939	127	0
940	127	0
941	127	0
942	127	0
943	127	0
944	127	0
945	127	0
946	127	0
947	127	0
948	127	0
949	127	0
950	127	0
951	127	0
952	127	0
953	127	0
954	127	0
955	127	0
956	127	0
957	127	0
958	127	0
959	126	0
960	127	0
961	127	0
962	127	0
963	127	0
964	127	0
965	127	0
966	127	0
967	127	0
968	127	0
969	127	0
970	127	0
971	127	0
972	127	0
973	127	0
974	127	0
975	127	0
976	127	0
977	127	0
978	127	0
979	127	0
980	127	0
981	127	0
982	127	0
983	127	0
984	127	0
985	127	0
986	127	0
987	127	0
988	127	0
989	127	0
990	127	0
991	127	0
992	127	0
993	127	0
994	127	0
995	127	0
996	127	0
997	127	0
998	127	0
999	127	0
