Oscilloscope data. 
Time step = 10,00 nS
Voltage step = 3,125 mV
Zero level = 131

N 	Smpl.	Trig

0	103	0
1	103	0
2	103	0
3	103	0
4	103	0
5	103	0
6	102	0
7	102	0
8	103	0
9	103	0
10	103	0
11	103	0
12	103	0
13	103	0
14	103	0
15	103	0
16	103	0
17	103	0
18	103	0
19	103	0
20	103	0
21	103	0
22	103	0
23	103	0
24	103	0
25	103	0
26	102	0
27	102	0
28	102	0
29	103	0
30	103	0
31	103	0
32	103	0
33	103	0
34	103	0
35	103	0
36	103	0
37	103	0
38	103	0
39	103	0
40	103	0
41	103	0
42	103	0
43	103	0
44	103	0
45	103	0
46	103	0
47	102	0
48	103	0
49	103	0
50	103	0
51	103	0
52	103	0
53	103	0
54	103	0
55	103	0
56	103	0
57	103	0
58	103	0
59	103	0
60	103	0
61	103	0
62	103	0
63	103	0
64	103	0
65	103	0
66	103	0
67	103	0
68	103	0
69	103	0
70	103	0
71	103	0
72	103	0
73	103	0
74	103	0
75	103	0
76	103	0
77	103	0
78	103	0
79	103	0
80	103	0
81	103	0
82	103	0
83	103	0
84	103	0
85	103	0
86	103	0
87	103	0
88	103	0
89	103	0
90	103	0
91	103	0
92	103	0
93	103	0
94	103	0
95	103	0
96	103	0
97	103	0
98	103	0
99	103	0
100	103	0
101	103	1
102	103	1
103	103	1
104	103	1
105	103	1
106	102	1
107	103	1
108	103	1
109	102	1
110	103	1
111	103	1
112	103	1
113	103	1
114	103	1
115	103	1
116	103	1
117	103	1
118	103	1
119	103	1
120	103	1
121	103	1
122	103	1
123	103	1
124	103	1
125	103	1
126	103	1
127	102	1
128	103	1
129	102	1
130	103	1
131	103	1
132	103	1
133	103	1
134	103	1
135	103	1
136	103	1
137	103	1
138	103	1
139	103	1
140	103	1
141	103	1
142	103	1
143	103	1
144	103	1
145	103	1
146	103	1
147	103	1
148	103	1
149	103	1
150	103	1
151	103	1
152	103	1
153	103	1
154	105	1
155	177	1
156	210	1
157	213	1
158	213	1
159	215	1
160	215	1
161	217	1
162	216	1
163	216	1
164	216	1
165	216	1
166	217	1
167	217	1
168	216	1
169	217	1
170	217	1
171	217	1
172	217	1
173	218	1
174	218	1
175	219	1
176	219	1
177	219	1
178	219	1
179	220	1
180	220	1
181	220	1
182	221	1
183	221	1
184	221	1
185	221	1
186	221	1
187	221	1
188	221	1
189	221	1
190	221	1
191	221	1
192	222	1
193	222	1
194	222	1
195	222	1
196	223	1
197	223	1
198	223	1
199	223	1
200	224	1
201	225	1
202	225	1
203	223	1
204	225	1
205	225	1
206	225	1
207	225	1
208	225	1
209	225	1
210	225	1
211	225	1
212	225	1
213	225	1
214	225	1
215	225	1
216	226	1
217	227	1
218	227	1
219	227	1
220	227	1
221	227	1
222	227	1
223	227	1
224	227	1
225	227	1
226	227	1
227	228	1
228	227	1
229	227	1
230	227	1
231	228	1
232	229	1
233	229	1
234	229	1
235	229	1
236	230	1
237	230	1
238	229	1
239	229	1
240	230	1
241	230	1
242	231	1
243	231	1
244	231	1
245	230	1
246	230	1
247	230	1
248	230	1
249	230	1
250	231	1
251	231	1
252	231	1
253	231	1
254	231	1
255	232	1
256	232	1
257	232	1
258	232	1
259	233	1
260	233	1
261	233	1
262	233	1
263	233	1
264	233	1
265	233	1
266	233	1
267	233	1
268	233	1
269	233	1
270	233	1
271	234	1
272	233	1
273	235	1
274	235	1
275	235	1
276	235	1
277	235	1
278	235	1
279	235	1
280	235	1
281	236	1
282	236	1
283	235	1
284	235	1
285	235	1
286	235	1
287	235	1
288	236	1
289	236	1
290	236	1
291	236	1
292	237	1
293	237	1
294	237	1
295	237	1
296	237	1
297	238	1
298	237	1
299	238	1
300	238	1
301	238	1
302	238	1
303	238	1
304	237	1
305	238	1
306	237	1
307	238	1
308	238	1
309	239	1
310	239	1
311	239	1
312	239	1
313	239	1
314	239	1
315	239	1
316	239	1
317	240	1
318	240	1
319	240	1
320	239	1
321	240	1
322	241	1
323	240	1
324	240	1
325	241	1
326	240	1
327	241	1
328	241	1
329	241	1
330	241	1
331	241	1
332	241	1
333	241	1
334	241	1
335	241	1
336	241	1
337	242	1
338	242	1
339	242	1
340	242	1
341	243	1
342	242	1
343	242	1
344	242	1
345	242	1
346	242	1
347	243	1
348	243	1
349	243	1
350	243	1
351	243	1
352	244	1
353	244	1
354	243	1
355	243	1
356	245	1
357	245	1
358	245	1
359	245	1
360	244	1
361	244	1
362	244	1
363	244	1
364	244	1
365	244	1
366	245	1
367	244	1
368	245	1
369	245	1
370	245	1
371	245	1
372	245	1
373	246	1
374	245	1
375	245	1
376	245	1
377	246	1
378	246	1
379	246	1
380	246	1
381	246	1
382	246	1
383	246	1
384	246	1
385	246	1
386	246	1
387	247	1
388	246	1
389	239	1
390	163	1
391	117	1
392	108	1
393	108	1
394	107	1
395	105	1
396	105	1
397	105	1
398	104	1
399	104	1
400	103	1
401	103	1
402	103	1
403	103	1
404	103	1
405	103	1
406	103	1
407	102	1
408	103	1
409	103	1
410	103	1
411	103	1
412	103	1
413	103	1
414	103	1
415	103	1
416	102	1
417	103	1
418	102	1
419	103	1
420	103	1
421	103	1
422	103	1
423	103	1
424	103	1
425	103	1
426	103	1
427	103	1
428	103	1
429	102	1
430	103	1
431	103	1
432	103	1
433	103	1
434	103	1
435	102	1
436	103	1
437	103	1
438	103	1
439	103	1
440	103	1
441	103	1
442	102	1
443	103	1
444	103	1
445	103	1
446	103	1
447	103	1
448	103	1
449	102	1
450	102	1
451	102	1
452	103	1
453	102	1
454	103	1
455	102	1
456	102	1
457	103	1
458	103	1
459	102	1
460	103	1
461	103	1
462	103	1
463	102	1
464	103	1
465	102	1
466	102	1
467	103	1
468	103	1
469	103	1
470	103	1
471	102	1
472	102	1
473	103	1
474	103	1
475	102	1
476	103	1
477	102	1
478	103	1
479	103	1
480	103	1
481	103	1
482	103	1
483	103	1
484	103	1
485	103	1
486	103	1
487	102	1
488	103	1
489	102	1
490	102	1
491	102	1
492	103	1
493	103	1
494	103	1
495	102	1
496	103	1
497	103	1
498	103	1
499	102	1
500	103	1
501	102	1
502	103	1
503	103	1
504	103	1
505	103	1
506	102	1
507	103	1
508	102	1
509	103	1
510	103	1
511	103	1
512	103	1
513	102	1
514	103	1
515	103	1
516	103	1
517	103	1
518	103	1
519	103	1
520	103	1
521	103	1
522	103	1
523	103	1
524	103	1
525	103	1
526	102	1
527	103	1
528	103	1
529	103	1
530	103	1
531	103	1
532	103	1
533	103	1
534	102	1
535	102	1
536	103	1
537	103	1
538	103	1
539	103	1
540	102	1
541	103	1
542	103	1
543	103	1
544	103	1
545	103	1
546	103	1
547	102	1
548	103	1
549	102	1
550	103	1
551	103	1
552	103	1
553	103	1
554	103	1
555	103	1
556	103	1
557	103	1
558	103	1
559	103	1
560	103	1
561	103	1
562	103	1
563	103	1
564	103	1
565	103	1
566	103	1
567	103	1
568	103	1
569	103	1
570	103	1
571	103	1
572	103	1
573	103	1
574	103	1
575	103	1
576	103	1
577	102	1
578	102	1
579	102	1
580	103	1
581	103	1
582	102	1
583	103	1
584	102	1
585	103	1
586	103	1
587	103	1
588	103	1
589	103	1
590	103	1
591	102	1
592	103	1
593	103	1
594	103	1
595	103	1
596	103	1
597	103	1
598	102	1
599	103	1
600	103	1
601	103	1
602	103	1
603	103	1
604	103	1
605	103	1
606	103	1
607	102	1
608	102	1
609	103	1
610	103	1
611	103	1
612	103	1
613	103	1
614	103	1
615	103	1
616	103	1
617	102	1
618	103	1
619	103	1
620	103	1
621	103	1
622	103	1
623	103	1
624	102	1
625	103	1
626	102	1
627	103	1
628	103	1
629	103	1
630	103	1
631	103	1
632	103	1
633	102	1
634	103	1
635	103	1
636	103	1
637	102	1
638	103	1
639	103	1
640	103	1
641	102	1
642	103	1
643	103	1
644	103	1
645	102	1
646	103	1
647	103	1
648	103	1
649	103	1
650	102	1
651	103	1
652	103	1
653	103	1
654	103	1
655	103	1
656	103	1
657	103	1
658	103	1
659	103	1
660	103	1
661	103	1
662	102	1
663	103	1
664	103	1
665	103	1
666	103	1
667	103	1
668	103	1
669	103	1
670	103	1
671	103	1
672	103	1
673	103	1
674	103	1
675	103	1
676	103	1
677	103	1
678	103	1
679	103	1
680	103	1
681	103	1
682	102	1
683	103	1
684	103	1
685	103	1
686	103	1
687	103	1
688	103	1
689	103	1
690	102	1
691	102	1
692	103	1
693	103	1
694	103	1
695	103	1
696	103	1
697	103	1
698	103	1
699	103	1
700	103	1
701	103	1
702	103	1
703	103	1
704	103	1
705	103	1
706	103	1
707	103	1
708	102	1
709	102	1
710	103	1
711	103	1
712	102	1
713	103	1
714	103	1
715	103	1
716	103	1
717	103	1
718	103	1
719	102	1
720	103	1
721	103	1
722	103	1
723	103	1
724	103	1
725	103	1
726	103	1
727	103	1
728	103	1
729	103	1
730	102	1
731	102	1
732	103	1
733	103	1
734	103	1
735	103	1
736	103	1
737	103	1
738	102	1
739	103	1
740	103	1
741	103	1
742	103	1
743	103	1
744	103	1
745	103	1
746	103	1
747	103	1
748	103	1
749	102	1
750	103	1
751	103	0
752	103	0
753	103	0
754	103	0
755	103	0
756	103	0
757	103	0
758	102	0
759	103	0
760	102	0
761	103	0
762	103	0
763	103	0
764	103	0
765	103	0
766	103	0
767	103	0
768	102	0
769	102	0
770	103	0
771	103	0
772	103	0
773	103	0
774	103	0
775	102	0
776	103	0
777	103	0
778	103	0
779	103	0
780	103	0
781	103	0
782	103	0
783	102	0
784	102	0
785	102	0
786	103	0
787	102	0
788	103	0
789	103	0
790	103	0
791	103	0
792	103	0
793	103	0
794	103	0
795	103	0
796	103	0
797	103	0
798	103	0
799	103	0
800	103	0
801	103	0
802	103	0
803	103	0
804	103	0
805	103	0
806	103	0
807	103	0
808	103	0
809	103	0
810	103	0
811	102	0
812	103	0
813	103	0
814	103	0
815	103	0
816	103	0
817	103	0
818	103	0
819	103	0
820	103	0
821	103	0
822	103	0
823	103	0
824	103	0
825	103	0
826	103	0
827	103	0
828	103	0
829	103	0
830	102	0
831	103	0
832	103	0
833	103	0
834	103	0
835	103	0
836	103	0
837	103	0
838	103	0
839	103	0
840	103	0
841	103	0
842	103	0
843	103	0
844	102	0
845	103	0
846	103	0
847	103	0
848	103	0
849	103	0
850	103	0
851	103	0
852	103	0
853	103	0
854	103	0
855	103	0
856	103	0
857	103	0
858	103	0
859	103	0
860	103	0
861	103	0
862	103	0
863	103	0
864	103	0
865	103	0
866	103	0
867	103	0
868	103	0
869	103	0
870	103	0
871	103	0
872	103	0
873	103	0
874	103	0
875	103	0
876	103	0
877	103	0
878	103	0
879	103	0
880	103	0
881	103	0
882	103	0
883	103	0
884	103	0
885	103	0
886	103	0
887	103	0
888	103	0
889	103	0
890	103	0
891	102	0
892	103	0
893	103	0
894	103	0
895	103	0
896	103	0
897	103	0
898	103	0
899	103	0
900	103	0
901	103	0
902	103	0
903	102	0
904	103	0
905	103	0
906	103	0
907	103	0
908	103	0
909	103	0
910	103	0
911	102	0
912	103	0
913	103	0
914	103	0
915	102	0
916	103	0
917	103	0
918	103	0
919	102	0
920	103	0
921	103	0
922	103	0
923	103	0
924	103	0
925	103	0
926	103	0
927	103	0
928	103	0
929	102	0
930	103	0
931	102	0
932	102	0
933	103	0
934	103	0
935	103	0
936	103	0
937	103	0
938	103	0
939	103	0
940	103	0
941	103	0
942	103	0
943	103	0
944	103	0
945	103	0
946	103	0
947	103	0
948	103	0
949	103	0
950	102	0
951	102	0
952	103	0
953	103	0
954	102	0
955	103	0
956	103	0
957	103	0
958	103	0
959	103	0
960	103	0
961	103	0
962	103	0
963	103	0
964	103	0
965	103	0
966	103	0
967	103	0
968	103	0
969	103	0
970	103	0
971	103	0
972	103	0
973	103	0
974	103	0
975	103	0
976	103	0
977	103	0
978	103	0
979	103	0
980	103	0
981	103	0
982	103	0
983	103	0
984	103	0
985	103	0
986	103	0
987	103	0
988	103	0
989	103	0
990	103	0
991	103	0
992	103	0
993	103	0
994	103	0
995	103	0
996	103	0
997	102	0
998	103	0
999	103	0
