Oscilloscope data. 
Time step = 10,00 nS
Voltage step = 3,125 mV
Zero level = 131

N 	Smpl.	Trig

0	121	0
1	121	0
2	121	0
3	121	0
4	121	0
5	121	0
6	121	0
7	121	0
8	121	0
9	121	0
10	121	0
11	121	0
12	121	0
13	121	0
14	121	0
15	121	0
16	121	0
17	121	0
18	121	0
19	121	0
20	121	0
21	121	0
22	121	0
23	121	0
24	121	0
25	121	0
26	121	0
27	121	0
28	121	0
29	121	0
30	121	0
31	121	0
32	121	0
33	121	0
34	121	0
35	121	0
36	121	0
37	121	0
38	121	0
39	121	0
40	121	0
41	121	0
42	121	0
43	121	0
44	121	0
45	121	0
46	121	0
47	121	0
48	121	0
49	121	0
50	121	0
51	121	0
52	121	0
53	121	0
54	121	0
55	121	0
56	121	0
57	121	0
58	121	0
59	121	0
60	121	0
61	121	0
62	121	0
63	121	0
64	121	0
65	121	0
66	121	0
67	121	0
68	121	0
69	121	0
70	121	0
71	121	0
72	121	0
73	121	0
74	121	0
75	121	0
76	121	0
77	121	0
78	121	0
79	121	0
80	121	0
81	121	0
82	121	0
83	120	0
84	121	0
85	121	0
86	121	0
87	121	0
88	121	0
89	121	0
90	121	0
91	121	0
92	121	0
93	121	0
94	121	0
95	121	0
96	121	0
97	121	0
98	121	0
99	121	0
100	121	0
101	121	1
102	121	1
103	121	1
104	121	1
105	121	1
106	121	1
107	121	1
108	121	1
109	121	1
110	121	1
111	121	1
112	121	1
113	121	1
114	121	1
115	121	1
116	121	1
117	121	1
118	121	1
119	121	1
120	121	1
121	121	1
122	121	1
123	121	1
124	121	1
125	121	1
126	121	1
127	121	1
128	121	1
129	121	1
130	121	1
131	121	1
132	121	1
133	121	1
134	121	1
135	121	1
136	121	1
137	121	1
138	121	1
139	121	1
140	121	1
141	121	1
142	121	1
143	121	1
144	121	1
145	121	1
146	121	1
147	121	1
148	121	1
149	121	1
150	121	1
151	121	1
152	121	1
153	121	1
154	121	1
155	127	1
156	217	1
157	230	1
158	231	1
159	231	1
160	233	1
161	233	1
162	234	1
163	233	1
164	233	1
165	234	1
166	234	1
167	235	1
168	235	1
169	235	1
170	235	1
171	235	1
172	235	1
173	235	1
174	236	1
175	236	1
176	236	1
177	237	1
178	237	1
179	237	1
180	237	1
181	238	1
182	237	1
183	237	1
184	238	1
185	238	1
186	238	1
187	238	1
188	238	1
189	239	1
190	239	1
191	239	1
192	239	1
193	239	1
194	239	1
195	240	1
196	241	1
197	241	1
198	241	1
199	241	1
200	241	1
201	241	1
202	241	1
203	241	1
204	241	1
205	241	1
206	242	1
207	242	1
208	243	1
209	242	1
210	242	1
211	243	1
212	243	1
213	243	1
214	243	1
215	243	1
216	244	1
217	243	1
218	244	1
219	244	1
220	245	1
221	245	1
222	245	1
223	245	1
224	245	1
225	245	1
226	245	1
227	245	1
228	245	1
229	245	1
230	245	1
231	245	1
232	246	1
233	246	1
234	246	1
235	246	1
236	246	1
237	246	1
238	246	1
239	247	1
240	247	1
241	247	1
242	247	1
243	247	1
244	247	1
245	220	1
246	153	1
247	127	1
248	123	1
249	123	1
250	123	1
251	123	1
252	123	1
253	121	1
254	121	1
255	121	1
256	121	1
257	121	1
258	120	1
259	121	1
260	121	1
261	121	1
262	121	1
263	121	1
264	122	1
265	121	1
266	121	1
267	121	1
268	121	1
269	121	1
270	121	1
271	121	1
272	121	1
273	121	1
274	121	1
275	121	1
276	121	1
277	121	1
278	121	1
279	121	1
280	121	1
281	121	1
282	121	1
283	121	1
284	121	1
285	121	1
286	121	1
287	121	1
288	121	1
289	121	1
290	121	1
291	121	1
292	121	1
293	121	1
294	121	1
295	121	1
296	121	1
297	121	1
298	121	1
299	122	1
300	121	1
301	121	1
302	121	1
303	121	1
304	121	1
305	121	1
306	121	1
307	121	1
308	121	1
309	121	1
310	121	1
311	121	1
312	121	1
313	121	1
314	121	1
315	121	1
316	121	1
317	121	1
318	121	1
319	121	1
320	121	1
321	121	1
322	121	1
323	121	1
324	121	1
325	121	1
326	121	1
327	121	1
328	121	1
329	121	1
330	121	1
331	121	1
332	121	1
333	121	1
334	121	1
335	121	1
336	121	1
337	121	1
338	121	1
339	121	1
340	121	1
341	121	1
342	121	1
343	121	1
344	121	1
345	121	1
346	121	1
347	121	1
348	121	1
349	121	1
350	121	1
351	121	1
352	121	1
353	121	1
354	121	1
355	121	1
356	121	1
357	121	1
358	121	1
359	121	1
360	121	1
361	121	1
362	121	1
363	121	1
364	121	1
365	121	1
366	121	1
367	121	1
368	121	1
369	121	1
370	121	1
371	121	1
372	121	1
373	121	1
374	121	1
375	121	1
376	121	1
377	121	1
378	121	1
379	121	1
380	121	1
381	121	1
382	121	1
383	121	1
384	121	1
385	121	1
386	121	1
387	121	1
388	121	1
389	121	1
390	121	1
391	121	1
392	121	1
393	121	1
394	121	1
395	121	1
396	121	1
397	121	1
398	121	1
399	121	1
400	121	1
401	121	1
402	121	1
403	121	1
404	121	1
405	121	1
406	121	1
407	121	1
408	121	1
409	121	1
410	121	1
411	121	1
412	121	1
413	121	1
414	121	1
415	121	1
416	121	1
417	121	1
418	121	1
419	121	1
420	121	1
421	121	1
422	121	1
423	121	1
424	121	1
425	121	1
426	120	1
427	121	1
428	121	1
429	121	1
430	121	1
431	121	1
432	121	1
433	121	1
434	121	1
435	121	1
436	121	1
437	121	1
438	121	1
439	121	1
440	121	1
441	121	1
442	121	1
443	121	1
444	121	1
445	121	1
446	121	1
447	121	1
448	121	1
449	121	1
450	121	1
451	121	1
452	121	1
453	121	1
454	121	1
455	121	1
456	121	1
457	121	1
458	121	1
459	121	1
460	121	1
461	121	1
462	121	1
463	121	1
464	121	1
465	121	1
466	121	1
467	121	1
468	121	1
469	121	1
470	121	1
471	121	1
472	121	1
473	121	1
474	121	1
475	121	1
476	121	1
477	121	1
478	121	1
479	121	1
480	121	1
481	121	1
482	121	1
483	121	1
484	121	1
485	121	1
486	121	1
487	121	1
488	121	1
489	121	1
490	121	1
491	121	1
492	121	1
493	121	1
494	121	1
495	121	1
496	121	1
497	121	1
498	121	1
499	121	1
500	121	1
501	121	1
502	121	1
503	121	1
504	121	1
505	121	1
506	120	1
507	121	1
508	121	1
509	121	1
510	121	1
511	121	1
512	121	1
513	121	1
514	121	1
515	121	1
516	121	1
517	121	1
518	121	1
519	121	1
520	121	1
521	121	1
522	121	1
523	121	1
524	121	1
525	121	1
526	121	1
527	121	1
528	121	1
529	121	1
530	121	1
531	121	1
532	121	1
533	121	1
534	121	1
535	121	1
536	121	1
537	121	1
538	121	1
539	121	1
540	121	1
541	121	1
542	121	1
543	121	1
544	121	1
545	121	1
546	121	1
547	121	1
548	121	1
549	121	1
550	121	1
551	121	1
552	121	1
553	121	1
554	121	1
555	121	1
556	121	1
557	121	1
558	121	1
559	121	1
560	121	1
561	121	1
562	121	1
563	121	1
564	121	1
565	121	1
566	121	1
567	121	1
568	121	1
569	121	1
570	121	1
571	121	1
572	121	1
573	121	1
574	121	1
575	121	1
576	121	1
577	121	1
578	121	1
579	121	1
580	121	1
581	121	1
582	121	1
583	121	1
584	121	1
585	121	1
586	121	1
587	121	1
588	121	1
589	121	1
590	121	1
591	121	1
592	121	1
593	121	1
594	121	1
595	121	1
596	121	1
597	121	1
598	121	1
599	121	1
600	121	1
601	121	1
602	121	1
603	121	1
604	120	1
605	121	1
606	121	1
607	121	1
608	121	1
609	121	1
610	121	1
611	121	1
612	121	1
613	121	1
614	121	1
615	121	1
616	121	1
617	121	1
618	121	1
619	121	1
620	121	1
621	121	1
622	121	1
623	121	1
624	121	1
625	121	1
626	121	1
627	121	1
628	121	1
629	121	1
630	121	1
631	121	1
632	121	1
633	121	1
634	121	1
635	121	1
636	121	1
637	121	1
638	121	1
639	121	1
640	121	1
641	121	1
642	121	1
643	121	1
644	121	1
645	121	1
646	121	1
647	121	1
648	121	1
649	121	1
650	121	1
651	121	1
652	121	1
653	121	1
654	121	1
655	121	1
656	121	1
657	121	1
658	121	1
659	121	1
660	121	1
661	121	1
662	121	1
663	121	1
664	121	1
665	121	1
666	121	1
667	121	1
668	121	1
669	121	1
670	121	1
671	121	1
672	121	1
673	121	1
674	121	1
675	121	1
676	121	1
677	121	1
678	121	1
679	121	1
680	121	1
681	121	1
682	121	1
683	121	1
684	121	1
685	121	1
686	121	1
687	121	1
688	121	1
689	121	1
690	121	1
691	121	1
692	121	1
693	121	1
694	121	1
695	121	1
696	121	1
697	121	1
698	121	1
699	121	1
700	121	1
701	121	1
702	121	1
703	121	1
704	121	1
705	121	1
706	121	1
707	121	1
708	121	1
709	121	1
710	121	1
711	121	1
712	121	1
713	121	1
714	121	1
715	121	1
716	121	1
717	121	1
718	121	1
719	121	1
720	121	1
721	121	1
722	121	1
723	121	1
724	121	1
725	121	1
726	121	1
727	121	1
728	121	1
729	121	1
730	121	1
731	121	1
732	121	1
733	121	1
734	121	1
735	121	1
736	121	1
737	121	1
738	121	1
739	121	1
740	121	1
741	121	1
742	121	1
743	121	1
744	121	1
745	121	0
746	121	0
747	121	0
748	121	0
749	121	0
750	121	0
751	121	0
752	121	0
753	121	0
754	121	0
755	121	0
756	121	0
757	120	0
758	121	0
759	121	0
760	121	0
761	121	0
762	121	0
763	121	0
764	121	0
765	121	0
766	121	0
767	121	0
768	121	0
769	121	0
770	121	0
771	121	0
772	121	0
773	121	0
774	121	0
775	121	0
776	121	0
777	121	0
778	121	0
779	121	0
780	121	0
781	121	0
782	121	0
783	121	0
784	121	0
785	121	0
786	121	0
787	121	0
788	121	0
789	121	0
790	121	0
791	121	0
792	121	0
793	121	0
794	121	0
795	121	0
796	121	0
797	121	0
798	121	0
799	121	0
800	121	0
801	121	0
802	121	0
803	121	0
804	121	0
805	121	0
806	121	0
807	121	0
808	121	0
809	121	0
810	121	0
811	121	0
812	121	0
813	121	0
814	121	0
815	121	0
816	121	0
817	121	0
818	121	0
819	121	0
820	121	0
821	121	0
822	121	0
823	121	0
824	120	0
825	121	0
826	121	0
827	121	0
828	121	0
829	121	0
830	121	0
831	121	0
832	121	0
833	121	0
834	121	0
835	121	0
836	121	0
837	121	0
838	121	0
839	121	0
840	121	0
841	121	0
842	121	0
843	121	0
844	121	0
845	121	0
846	121	0
847	121	0
848	121	0
849	121	0
850	121	0
851	121	0
852	121	0
853	121	0
854	121	0
855	121	0
856	121	0
857	121	0
858	121	0
859	121	0
860	121	0
861	121	0
862	121	0
863	121	0
864	121	0
865	121	0
866	121	0
867	121	0
868	121	0
869	121	0
870	121	0
871	121	0
872	121	0
873	121	0
874	121	0
875	121	0
876	121	0
877	121	0
878	121	0
879	121	0
880	121	0
881	121	0
882	121	0
883	121	0
884	121	0
885	121	0
886	121	0
887	121	0
888	121	0
889	121	0
890	121	0
891	121	0
892	121	0
893	121	0
894	121	0
895	121	0
896	121	0
897	121	0
898	121	0
899	121	0
900	121	0
901	121	0
902	121	0
903	121	0
904	121	0
905	121	0
906	121	0
907	121	0
908	121	0
909	121	0
910	121	0
911	121	0
912	121	0
913	120	0
914	121	0
915	121	0
916	121	0
917	121	0
918	121	0
919	121	0
920	121	0
921	121	0
922	121	0
923	121	0
924	121	0
925	121	0
926	121	0
927	121	0
928	121	0
929	121	0
930	121	0
931	121	0
932	121	0
933	121	0
934	121	0
935	121	0
936	121	0
937	121	0
938	121	0
939	121	0
940	121	0
941	121	0
942	121	0
943	121	0
944	121	0
945	121	0
946	121	0
947	121	0
948	121	0
949	121	0
950	121	0
951	121	0
952	121	0
953	121	0
954	121	0
955	121	0
956	121	0
957	121	0
958	121	0
959	121	0
960	121	0
961	121	0
962	121	0
963	121	0
964	122	0
965	121	0
966	121	0
967	121	0
968	121	0
969	121	0
970	121	0
971	121	0
972	121	0
973	121	0
974	121	0
975	121	0
976	121	0
977	121	0
978	121	0
979	121	0
980	121	0
981	121	0
982	121	0
983	121	0
984	121	0
985	121	0
986	121	0
987	121	0
988	121	0
989	121	0
990	121	0
991	121	0
992	121	0
993	121	0
994	121	0
995	121	0
996	121	0
997	121	0
998	121	0
999	121	0
