Oscilloscope data. 
Time step = 10,00 nS
Voltage step = 3,125 mV
Zero level = 131

N 	Smpl.	Trig

0	126	0
1	126	0
2	125	0
3	126	0
4	126	0
5	126	0
6	125	0
7	126	0
8	126	0
9	126	0
10	126	0
11	126	0
12	126	0
13	126	0
14	126	0
15	125	0
16	126	0
17	126	0
18	126	0
19	126	0
20	126	0
21	126	0
22	126	0
23	126	0
24	126	0
25	126	0
26	126	0
27	125	0
28	126	0
29	126	0
30	126	0
31	126	0
32	126	0
33	126	0
34	126	0
35	125	0
36	126	0
37	126	0
38	126	0
39	125	0
40	126	0
41	126	0
42	126	0
43	126	0
44	127	0
45	126	0
46	126	0
47	126	0
48	125	0
49	125	0
50	126	0
51	126	0
52	126	0
53	126	0
54	126	0
55	126	0
56	126	0
57	125	0
58	125	0
59	126	0
60	126	0
61	126	0
62	126	0
63	126	0
64	126	0
65	126	0
66	126	0
67	126	0
68	126	0
69	126	0
70	126	0
71	126	0
72	126	0
73	126	0
74	126	0
75	126	0
76	126	0
77	126	0
78	126	0
79	126	0
80	126	0
81	126	0
82	126	0
83	126	0
84	125	0
85	126	0
86	125	0
87	126	0
88	126	0
89	126	0
90	126	0
91	127	0
92	126	0
93	126	0
94	126	0
95	126	0
96	126	0
97	126	0
98	126	0
99	126	0
100	126	0
101	126	1
102	126	1
103	126	1
104	126	1
105	126	1
106	126	1
107	126	1
108	126	1
109	126	1
110	126	1
111	125	1
112	126	1
113	125	1
114	126	1
115	126	1
116	127	1
117	126	1
118	126	1
119	127	1
120	125	1
121	126	1
122	126	1
123	126	1
124	126	1
125	126	1
126	126	1
127	126	1
128	126	1
129	126	1
130	125	1
131	126	1
132	126	1
133	126	1
134	126	1
135	126	1
136	126	1
137	126	1
138	125	1
139	126	1
140	125	1
141	126	1
142	126	1
143	126	1
144	126	1
145	126	1
146	126	1
147	125	1
148	126	1
149	125	1
150	125	1
151	126	1
152	126	1
153	126	1
154	127	1
155	148	1
156	224	1
157	233	1
158	235	1
159	235	1
160	238	1
161	238	1
162	236	1
163	235	1
164	232	1
165	205	1
166	153	1
167	134	1
168	131	1
169	130	1
170	129	1
171	129	1
172	129	1
173	141	1
174	222	1
175	233	1
176	233	1
177	233	1
178	235	1
179	235	1
180	235	1
181	232	1
182	233	1
183	208	1
184	152	1
185	133	1
186	132	1
187	129	1
188	129	1
189	129	1
190	129	1
191	141	1
192	222	1
193	232	1
194	233	1
195	233	1
196	235	1
197	236	1
198	235	1
199	233	1
200	234	1
201	207	1
202	152	1
203	134	1
204	131	1
205	130	1
206	129	1
207	129	1
208	129	1
209	145	1
210	225	1
211	234	1
212	235	1
213	235	1
214	237	1
215	238	1
216	237	1
217	235	1
218	235	1
219	198	1
220	145	1
221	133	1
222	131	1
223	130	1
224	129	1
225	129	1
226	129	1
227	158	1
228	227	1
229	235	1
230	237	1
231	237	1
232	238	1
233	239	1
234	237	1
235	237	1
236	233	1
237	209	1
238	151	1
239	133	1
240	131	1
241	130	1
242	129	1
243	129	1
244	128	1
245	127	1
246	127	1
247	127	1
248	126	1
249	126	1
250	127	1
251	126	1
252	126	1
253	126	1
254	126	1
255	126	1
256	126	1
257	125	1
258	126	1
259	125	1
260	125	1
261	126	1
262	126	1
263	126	1
264	126	1
265	126	1
266	126	1
267	126	1
268	126	1
269	126	1
270	126	1
271	126	1
272	126	1
273	126	1
274	126	1
275	126	1
276	126	1
277	125	1
278	125	1
279	126	1
280	126	1
281	126	1
282	126	1
283	126	1
284	126	1
285	125	1
286	126	1
287	126	1
288	126	1
289	126	1
290	125	1
291	126	1
292	126	1
293	126	1
294	126	1
295	125	1
296	126	1
297	126	1
298	126	1
299	125	1
300	126	1
301	126	1
302	126	1
303	126	1
304	126	1
305	126	1
306	126	1
307	125	1
308	126	1
309	126	1
310	126	1
311	126	1
312	126	1
313	126	1
314	126	1
315	125	1
316	126	1
317	125	1
318	126	1
319	126	1
320	126	1
321	126	1
322	126	1
323	126	1
324	126	1
325	125	1
326	125	1
327	126	1
328	126	1
329	126	1
330	126	1
331	126	1
332	126	1
333	126	1
334	125	1
335	126	1
336	126	1
337	126	1
338	125	1
339	126	1
340	126	1
341	126	1
342	125	1
343	126	1
344	126	1
345	125	1
346	125	1
347	126	1
348	126	1
349	125	1
350	126	1
351	125	1
352	126	1
353	126	1
354	126	1
355	126	1
356	126	1
357	126	1
358	126	1
359	126	1
360	126	1
361	125	1
362	126	1
363	126	1
364	126	1
365	126	1
366	126	1
367	126	1
368	126	1
369	125	1
370	125	1
371	125	1
372	125	1
373	126	1
374	126	1
375	126	1
376	125	1
377	126	1
378	126	1
379	126	1
380	126	1
381	126	1
382	127	1
383	126	1
384	126	1
385	126	1
386	126	1
387	126	1
388	126	1
389	126	1
390	126	1
391	125	1
392	126	1
393	126	1
394	126	1
395	126	1
396	126	1
397	126	1
398	125	1
399	125	1
400	126	1
401	126	1
402	125	1
403	126	1
404	125	1
405	126	1
406	126	1
407	126	1
408	126	1
409	126	1
410	125	1
411	126	1
412	126	1
413	126	1
414	125	1
415	125	1
416	126	1
417	126	1
418	125	1
419	125	1
420	125	1
421	125	1
422	126	1
423	126	1
424	126	1
425	126	1
426	126	1
427	126	1
428	126	1
429	126	1
430	125	1
431	126	1
432	126	1
433	126	1
434	126	1
435	126	1
436	126	1
437	126	1
438	126	1
439	126	1
440	126	1
441	125	1
442	126	1
443	125	1
444	126	1
445	126	1
446	126	1
447	126	1
448	126	1
449	126	1
450	126	1
451	126	1
452	126	1
453	126	1
454	126	1
455	125	1
456	126	1
457	125	1
458	126	1
459	126	1
460	126	1
461	126	1
462	126	1
463	126	1
464	126	1
465	126	1
466	126	1
467	126	1
468	125	1
469	126	1
470	125	1
471	126	1
472	126	1
473	126	1
474	126	1
475	126	1
476	126	1
477	126	1
478	126	1
479	126	1
480	126	1
481	126	1
482	126	1
483	125	1
484	126	1
485	126	1
486	125	1
487	125	1
488	126	1
489	126	1
490	126	1
491	126	1
492	126	1
493	126	1
494	127	1
495	126	1
496	126	1
497	126	1
498	126	1
499	126	1
500	126	1
501	125	1
502	126	1
503	126	1
504	125	1
505	126	1
506	126	1
507	126	1
508	126	1
509	126	1
510	126	1
511	126	1
512	125	1
513	126	1
514	126	1
515	126	1
516	126	1
517	126	1
518	126	1
519	126	1
520	126	1
521	126	1
522	126	1
523	126	1
524	126	1
525	126	1
526	126	1
527	125	1
528	126	1
529	126	1
530	125	1
531	126	1
532	126	1
533	126	1
534	126	1
535	126	1
536	126	1
537	126	1
538	126	1
539	125	1
540	126	1
541	126	1
542	126	1
543	126	1
544	126	1
545	126	1
546	126	1
547	126	1
548	126	1
549	126	1
550	126	1
551	126	1
552	126	1
553	126	1
554	126	1
555	126	1
556	126	1
557	126	1
558	126	1
559	126	1
560	126	1
561	126	1
562	125	1
563	126	1
564	126	1
565	126	1
566	125	1
567	126	1
568	126	1
569	126	1
570	126	1
571	126	1
572	126	1
573	126	1
574	125	1
575	126	1
576	125	1
577	126	1
578	126	1
579	126	1
580	126	1
581	126	1
582	126	1
583	126	1
584	126	1
585	126	1
586	126	1
587	126	1
588	126	1
589	126	1
590	126	1
591	126	1
592	125	1
593	126	1
594	126	1
595	126	1
596	126	1
597	126	1
598	126	1
599	126	1
600	126	1
601	126	1
602	126	1
603	125	1
604	126	1
605	126	1
606	126	1
607	126	1
608	126	1
609	126	1
610	126	1
611	126	1
612	126	1
613	126	1
614	126	1
615	125	1
616	126	1
617	126	1
618	126	1
619	126	1
620	126	1
621	126	1
622	126	1
623	126	1
624	126	1
625	126	1
626	126	1
627	126	1
628	126	1
629	126	1
630	126	1
631	126	1
632	126	1
633	126	1
634	126	1
635	126	1
636	126	1
637	126	1
638	126	1
639	125	1
640	126	1
641	126	1
642	126	1
643	126	1
644	126	1
645	126	1
646	126	1
647	126	1
648	125	1
649	126	1
650	126	1
651	125	1
652	126	1
653	126	1
654	126	1
655	126	1
656	126	1
657	127	1
658	125	1
659	126	1
660	126	1
661	126	1
662	126	1
663	126	1
664	126	1
665	126	1
666	126	1
667	126	1
668	126	1
669	126	1
670	125	1
671	126	1
672	126	1
673	126	1
674	126	1
675	126	1
676	126	1
677	126	1
678	126	1
679	126	1
680	126	1
681	125	1
682	126	1
683	126	1
684	126	1
685	126	1
686	126	1
687	126	1
688	126	1
689	126	1
690	126	1
691	126	1
692	126	1
693	126	1
694	126	1
695	126	1
696	126	1
697	126	1
698	126	1
699	126	1
700	125	1
701	126	1
702	126	1
703	126	1
704	126	1
705	126	1
706	126	1
707	126	1
708	126	1
709	126	1
710	126	1
711	126	1
712	126	1
713	126	1
714	125	1
715	126	1
716	126	1
717	125	1
718	126	1
719	126	1
720	126	1
721	126	1
722	126	1
723	126	1
724	126	1
725	126	1
726	126	1
727	126	1
728	126	1
729	126	1
730	125	1
731	126	1
732	126	1
733	126	1
734	126	1
735	126	1
736	126	1
737	126	1
738	126	1
739	126	1
740	125	1
741	126	1
742	126	1
743	126	1
744	125	1
745	126	1
746	126	1
747	126	1
748	126	1
749	126	1
750	126	1
751	125	0
752	125	0
753	126	0
754	126	0
755	126	0
756	126	0
757	125	0
758	126	0
759	126	0
760	126	0
761	126	0
762	126	0
763	126	0
764	126	0
765	125	0
766	125	0
767	126	0
768	126	0
769	126	0
770	127	0
771	126	0
772	126	0
773	126	0
774	125	0
775	126	0
776	126	0
777	126	0
778	126	0
779	126	0
780	126	0
781	126	0
782	126	0
783	126	0
784	126	0
785	126	0
786	126	0
787	126	0
788	126	0
789	126	0
790	126	0
791	126	0
792	126	0
793	126	0
794	126	0
795	125	0
796	126	0
797	126	0
798	126	0
799	126	0
800	126	0
801	126	0
802	126	0
803	126	0
804	126	0
805	125	0
806	126	0
807	126	0
808	126	0
809	126	0
810	126	0
811	126	0
812	126	0
813	125	0
814	126	0
815	126	0
816	126	0
817	126	0
818	126	0
819	126	0
820	126	0
821	126	0
822	126	0
823	126	0
824	126	0
825	126	0
826	126	0
827	126	0
828	126	0
829	126	0
830	126	0
831	126	0
832	126	0
833	126	0
834	126	0
835	125	0
836	126	0
837	126	0
838	126	0
839	126	0
840	126	0
841	126	0
842	126	0
843	126	0
844	126	0
845	126	0
846	126	0
847	126	0
848	126	0
849	126	0
850	126	0
851	126	0
852	126	0
853	126	0
854	126	0
855	125	0
856	126	0
857	126	0
858	126	0
859	126	0
860	126	0
861	126	0
862	125	0
863	125	0
864	126	0
865	126	0
866	126	0
867	126	0
868	125	0
869	126	0
870	126	0
871	125	0
872	126	0
873	126	0
874	126	0
875	126	0
876	126	0
877	126	0
878	126	0
879	126	0
880	126	0
881	126	0
882	126	0
883	125	0
884	125	0
885	126	0
886	126	0
887	126	0
888	126	0
889	126	0
890	127	0
891	126	0
892	126	0
893	126	0
894	126	0
895	126	0
896	126	0
897	126	0
898	126	0
899	126	0
900	126	0
901	126	0
902	126	0
903	126	0
904	126	0
905	126	0
906	126	0
907	126	0
908	126	0
909	126	0
910	126	0
911	125	0
912	125	0
913	125	0
914	126	0
915	126	0
916	126	0
917	126	0
918	125	0
919	126	0
920	126	0
921	126	0
922	126	0
923	126	0
924	126	0
925	126	0
926	126	0
927	125	0
928	126	0
929	126	0
930	126	0
931	126	0
932	126	0
933	126	0
934	126	0
935	126	0
936	126	0
937	125	0
938	126	0
939	126	0
940	126	0
941	125	0
942	126	0
943	126	0
944	126	0
945	125	0
946	126	0
947	126	0
948	126	0
949	126	0
950	126	0
951	126	0
952	126	0
953	126	0
954	125	0
955	126	0
956	126	0
957	126	0
958	126	0
959	126	0
960	126	0
961	126	0
962	126	0
963	125	0
964	126	0
965	126	0
966	126	0
967	126	0
968	126	0
969	126	0
970	126	0
971	125	0
972	125	0
973	125	0
974	126	0
975	126	0
976	126	0
977	126	0
978	125	0
979	126	0
980	126	0
981	125	0
982	126	0
983	126	0
984	126	0
985	126	0
986	126	0
987	126	0
988	125	0
989	125	0
990	126	0
991	126	0
992	126	0
993	126	0
994	126	0
995	126	0
996	126	0
997	125	0
998	125	0
999	126	0
